55555555555555555555555555555555555555555555555555555555555555555555555555555555555555555555555555555555
55555555555555555555555555555555555555555555555555555555555555555555555555555555555555555555555555555555
55111111111111111111111111111111111111111111111111111111111111111111111111111111111111111111111111111155
55111111111111111111111111111111111111111111111111111111111111111111111111111111111111111111111111111155
55111111111111111111111111111111111111111111111111111111111111111111111111111111111111111111111111111155
55111111111111111111111111111111111111111111111111111111111111111111111111111111111111111111111111111155
55111111111111111111111111111111111111111111111111111111111111111111111111111111111111111111111111111155
55111111111111111111111111111111111111111111111111111111111111111111111111111111111111111111111111111155
55111111111111111111111111111111111111111111111111111111111111111111111111111111111111111111111111111155
55111111111111111111111111111111111111111111111111111111111111111111111111111111111111111111111111111155
55111111111111111111111111111111111111111111111111111111111111111111111111111111111111111111111111111155
55111111111111111111111111111111111111111111111111111111111111111111111111111111111111111111111111111155
55111111111111111111111111111111111111111111111111111111111111111111111111111111111111111111111111111155
55111111111111111111111111111111111111111111111111111111111111111111111111111111111111111111111111111155
55111111111111111111111111111111111111111111111111111111111111111111111111111111111111111111111111111155
55111111111111111111111111111111111111111111111111111111111111111111111111111111111111111111111111111155
55111111111111111111111111111111111111111111111111111111111111111111111111111111111111111111111111111155
55111111111111111111111111111111111111111111111111111111111111111111111111111111111111111111111111111155
55111111111111111111111111111111111111111111111111111111111111111111111111111111111111111111111111111155
55111111111111111111111111111111111111111111111111111111111111111111111111111111111111111111111111111155